100
84
87 78 16 94 36 87 93 50 22 63 28 91 60 64 27 41 27 73 37 12 69 68 30 83 31 63 24 68 36 30 3 23 59 70 68 94 57 12 43 30 74 22 20 85 38 99 25 16 71 14 27 92 81 57 74 63 71 97 82 6 26 85 28 37 6 47 30 14 58 25 96 83 46 15 68 35 65 44 51 88 9 77 79 89 
85
4 52 55 100 33 61 77 69 40 13 27 87 95 40 96 71 35 79 68 2 98 3 18 93 53 57 2 81 87 42 66 90 45 20 41 30 32 18 98 72 82 76 10 28 68 57 98 54 87 66 7 84 20 25 29 72 33 30 4 20 71 69 9 16 41 50 97 24 19 46 47 52 22 56 80 89 65 29 42 51 94 1 35 65 25 
15
88 57 44 92 28 66 60 37 33 52 38 29 76 8 75 
22
59 96 30 38 36 94 19 29 44 12 29 30 77 5 44 64 14 39 7 41 5 19 
29
89 70 18 18 97 25 44 71 84 91 100 73 26 45 91 6 40 55 87 70 83 43 65 98 8 56 5 49 12 
23
29 100 44 47 69 41 23 12 11 6 2 62 31 79 6 21 37 45 27 23 66 9 17 
83
59 25 38 63 25 1 37 53 100 80 51 69 72 74 32 82 31 34 95 61 64 100 82 100 97 60 74 14 69 91 96 27 67 85 41 91 85 77 43 37 8 46 57 80 19 88 13 49 73 60 10 37 11 43 88 7 2 14 73 22 56 20 100 22 5 40 12 41 68 6 29 28 51 85 59 21 25 23 70 97 82 31 85 
93
73 73 51 26 86 23 100 41 43 99 14 99 91 25 91 10 82 20 37 33 56 95 5 80 70 74 77 51 56 61 43 80 85 94 6 22 68 5 14 62 55 27 60 45 3 3 7 85 22 43 69 29 90 73 9 59 99 37 9 54 49 4 34 34 49 91 55 68 47 69 30 1 47 89 98 50 91 4 34 64 98 54 93 87 26 53 97 76 89 58 30 37 61 
15
22 61 5 29 28 51 49 57 3 95 98 100 44 40 3 
29
4 1 82 48 39 60 52 36 35 40 93 16 28 5 30 50 65 86 30 44 36 78 1 39 72 50 90 68 89 
93
96 44 45 30 91 83 41 42 70 27 33 62 43 61 18 24 62 82 10 91 26 97 68 78 35 91 27 25 58 15 69 6 59 13 87 1 47 27 95 17 53 79 30 47 91 48 71 52 81 32 94 58 28 13 87 15 56 13 91 13 80 11 70 90 75 56 42 21 34 88 89 39 67 71 85 57 18 7 61 50 38 6 60 18 19 46 84 74 59 74 38 90 84 
8
79 58 15 72 30 1 60 19 
39
26 89 75 34 58 82 94 59 71 100 18 40 70 64 23 95 74 48 32 63 83 91 93 92 58 16 22 58 75 92 48 52 32 22 38 41 55 31 99 
26
82 17 17 3 32 40 97 5 39 81 19 22 71 63 13 80 78 86 37 5 77 84 8 60 58 45 
100
12 28 51 37 61 19 6 64 50 45 12 6 35 92 76 56 15 90 69 94 19 6 83 23 83 18 31 94 75 27 94 87 54 44 75 15 14 80 78 63 76 89 20 11 33 95 18 47 36 38 92 54 44 74 29 26 92 11 19 18 37 64 56 91 59 31 5 72 62 34 86 90 74 5 52 6 51 69 4 86 7 96 40 50 21 68 27 64 78 97 82 66 61 37 56 71 19 12 43 33 
97
80 22 71 85 73 28 35 41 84 73 99 31 64 48 51 31 74 15 60 23 48 25 83 36 33 5 55 44 99 87 41 79 60 63 63 84 42 49 24 25 73 23 55 36 22 58 66 48 72 77 70 19 2 4 54 34 8 60 29 7 98 21 85 9 35 99 92 77 99 16 53 72 90 60 7 11 17 25 10 40 1 79 10 54 82 15 39 90 27 68 48 24 88 32 33 23 82 
76
51 80 91 55 51 32 14 58 95 82 82 4 21 34 83 82 88 16 97 26 5 23 93 52 98 33 35 82 7 16 58 9 96 100 63 98 84 77 55 78 10 88 33 83 22 67 64 61 83 12 86 87 86 31 91 84 15 77 17 21 93 26 29 40 26 91 37 61 19 44 38 29 83 22 11 56 
89
26 16 71 38 54 9 23 84 51 58 98 28 27 70 72 52 50 11 29 40 99 89 11 94 78 91 77 100 53 32 88 78 100 58 67 53 18 42 36 69 99 85 96 77 6 67 29 55 29 9 94 79 98 56 73 75 46 1 26 98 84 13 28 83 22 94 35 40 35 22 60 86 58 55 62 63 73 42 17 53 51 63 83 100 18 55 74 16 7 
52
65 91 64 92 73 38 38 60 29 72 81 88 57 91 42 71 53 66 12 70 18 62 84 52 13 1 7 39 68 65 90 33 55 5 76 80 42 13 39 70 37 71 57 45 61 50 15 66 15 27 87 84 
40
70 36 53 22 94 91 90 10 32 74 65 36 49 96 78 14 34 99 50 56 56 94 69 57 61 34 24 87 72 59 78 41 46 82 62 91 24 51 1 55 
76
65 43 25 60 20 90 45 70 39 52 77 84 20 34 44 5 57 82 76 67 12 68 13 93 30 3 69 32 3 75 8 19 17 84 78 88 73 74 58 63 26 34 98 97 19 42 54 27 75 81 94 86 49 6 31 30 60 99 61 63 25 20 81 42 3 11 81 27 84 90 41 9 24 39 58 94 
32
11 21 6 91 14 92 39 71 22 68 30 72 81 44 96 100 25 89 55 87 70 33 70 11 74 31 34 64 88 80 95 50 
100
52 40 65 43 31 87 16 50 16 87 82 12 35 34 88 23 88 74 44 20 43 55 45 25 40 60 64 19 54 13 70 6 5 34 100 35 20 16 36 88 54 70 51 88 3 38 63 90 11 6 61 5 12 58 30 4 17 93 22 23 6 44 80 62 29 79 48 1 46 83 88 100 52 90 87 54 27 49 95 37 7 8 93 18 65 22 21 81 67 95 55 24 38 34 85 18 13 32 18 10 
66
57 9 70 46 96 23 72 96 70 60 2 77 53 72 41 26 44 73 92 90 28 67 79 13 51 97 25 34 14 87 100 71 95 69 16 42 43 40 38 64 99 91 40 3 14 32 29 58 5 72 47 84 39 26 96 41 22 73 27 35 59 26 57 53 46 73 
47
40 12 84 4 62 26 43 17 40 75 45 97 31 68 95 14 58 20 61 51 93 33 77 80 91 54 36 96 99 8 42 38 71 77 41 85 2 84 1 93 10 97 41 40 64 36 5 
74
7 65 24 52 50 52 31 40 5 66 87 3 26 80 92 48 8 85 32 62 20 32 54 29 28 95 20 44 82 24 69 88 40 44 39 89 95 21 81 99 87 19 53 64 99 96 11 6 80 43 67 99 26 73 79 54 67 98 49 48 73 17 87 13 60 78 1 54 98 33 4 36 52 8 
99
50 55 62 7 35 4 26 85 29 98 64 34 16 61 82 15 86 98 1 98 9 30 50 14 80 35 17 15 86 76 66 87 31 27 93 17 30 70 53 10 67 16 96 34 29 77 48 14 27 1 63 87 30 64 1 9 98 17 76 83 45 41 21 27 19 66 95 100 35 47 9 54 63 4 87 43 33 35 8 11 35 70 97 16 85 97 25 83 66 52 17 62 44 38 88 62 3 82 61 
89
80 21 42 94 25 29 36 9 63 43 71 97 64 67 12 1 16 88 35 33 91 51 94 34 40 81 95 94 14 55 83 45 76 24 39 52 52 74 12 66 69 82 14 84 100 78 36 15 65 70 47 8 73 92 41 12 24 88 58 37 94 40 82 21 15 72 72 19 97 35 84 65 68 98 1 68 75 36 34 91 58 33 50 30 24 91 93 48 30 
50
36 23 41 69 44 56 40 67 26 37 54 61 53 21 58 5 88 84 41 22 27 98 6 28 79 29 70 71 28 99 21 64 22 61 84 17 68 24 83 93 12 36 54 64 9 63 69 96 99 61 
69
77 10 74 4 88 55 74 58 82 24 30 97 45 43 81 13 10 56 48 55 67 35 60 82 43 74 2 39 72 14 59 100 23 85 56 62 91 81 72 24 4 1 21 1 43 53 13 5 8 60 59 26 95 18 59 37 91 61 27 15 74 38 66 49 22 21 10 64 1 
33
87 5 34 59 57 28 11 69 32 70 29 42 47 75 59 6 11 2 66 90 68 91 27 33 39 100 6 1 63 58 33 49 62 
18
8 70 98 70 39 29 40 19 71 86 93 81 43 55 34 8 44 1 
51
22 86 89 21 91 41 35 48 26 84 62 95 43 31 92 64 21 21 55 39 43 93 31 23 35 86 9 95 81 9 45 3 46 85 23 88 26 58 36 3 93 49 97 87 31 41 50 52 13 57 90 
55
49 73 29 83 58 89 77 38 98 21 40 95 6 15 83 83 24 70 37 16 18 85 54 100 25 55 51 37 11 93 43 59 65 24 42 22 12 70 11 61 91 3 56 48 17 90 82 40 59 18 7 76 2 12 75 
79
66 78 67 77 70 62 35 34 37 28 7 100 98 17 61 40 71 68 87 87 9 68 78 67 37 36 94 38 47 20 68 13 97 35 41 18 96 75 51 32 3 9 31 52 26 43 91 48 62 77 35 70 96 64 36 32 52 81 21 98 1 89 62 97 75 2 15 70 29 17 53 83 26 83 34 3 78 24 50 
91
52 36 61 47 100 48 30 3 29 50 100 29 90 14 77 64 67 91 85 95 60 37 77 85 72 10 39 1 85 40 91 36 76 51 82 27 51 63 29 79 65 80 59 54 45 35 70 12 78 6 58 37 43 35 73 66 96 11 66 33 50 8 68 77 59 2 3 61 64 83 39 28 15 97 34 59 31 55 70 8 60 28 96 2 14 68 19 61 30 36 93 
32
44 13 8 54 14 63 14 29 97 52 57 11 100 42 70 82 96 91 90 55 70 37 9 83 5 27 96 34 15 88 65 58 
52
25 11 65 39 24 94 35 27 2 46 26 95 67 7 90 57 48 96 27 85 4 61 41 83 56 74 49 96 91 6 47 67 68 64 5 91 9 91 69 62 36 94 56 2 52 45 11 52 92 89 36 48 
49
76 82 57 1 30 52 43 35 50 61 2 65 65 44 73 56 12 34 43 57 41 97 60 37 59 11 29 47 98 76 95 25 57 51 26 86 54 20 72 56 81 25 20 97 68 45 4 31 30 
47
87 71 95 46 59 53 9 87 99 6 14 45 31 22 48 8 59 1 79 30 8 59 54 80 8 73 76 11 3 5 9 41 27 3 87 86 7 47 24 5 52 38 2 34 11 49 93 
70
1 72 51 9 82 57 88 89 29 63 52 84 19 60 24 46 15 62 83 73 8 58 30 12 95 31 45 58 79 38 27 79 61 29 87 42 85 26 83 66 40 34 49 59 45 24 56 11 86 90 84 45 47 13 56 94 43 1 51 21 90 29 51 50 57 38 43 42 15 25 
59
55 10 59 65 55 82 20 17 19 61 100 64 7 64 19 100 6 71 2 78 12 30 29 13 87 18 56 80 84 80 90 38 90 48 54 96 81 25 12 100 85 12 15 44 27 85 43 33 8 97 62 19 26 42 32 64 11 87 95 
95
18 36 84 59 83 38 54 16 14 18 15 99 81 81 42 7 65 36 39 24 32 53 43 10 46 26 25 57 64 72 3 81 7 86 92 90 75 45 57 89 62 71 39 42 3 80 49 19 67 39 43 51 43 85 60 89 62 36 97 25 7 99 57 14 36 48 55 63 45 11 3 58 33 41 52 87 72 100 5 90 90 47 40 85 83 51 73 44 87 69 20 93 19 77 58 
54
76 64 16 20 26 70 78 10 10 81 96 33 32 1 23 21 47 14 57 30 65 29 25 51 49 45 95 19 73 5 73 48 68 40 20 94 10 49 55 71 29 51 56 60 51 30 32 49 43 89 78 7 69 55 
9
70 99 4 88 71 8 12 70 27 
4
41 72 65 89 
27
87 17 77 42 28 79 23 60 27 66 100 5 24 68 59 33 89 9 88 77 31 95 40 52 73 43 93 
45
7 81 23 94 50 99 87 29 77 10 88 3 27 39 59 50 59 69 82 47 29 21 75 59 15 15 63 40 57 55 36 16 35 58 61 36 8 47 65 84 56 4 38 34 43 
49
84 1 69 17 47 50 38 22 60 4 88 22 43 44 76 78 11 63 87 71 98 94 18 62 29 25 18 67 59 60 67 94 60 87 10 58 36 47 31 96 3 18 17 97 14 93 75 24 7 
61
95 4 7 64 18 35 40 35 53 50 94 19 43 5 6 5 14 93 3 45 88 5 62 57 2 27 49 28 51 55 40 97 10 46 12 27 81 3 13 33 53 58 4 47 62 61 51 28 53 54 72 41 58 85 49 11 12 49 38 14 55 
78
62 64 75 25 43 55 27 55 40 79 65 43 26 78 3 28 5 55 81 76 47 91 61 95 1 24 43 91 89 97 20 50 13 94 26 55 49 52 61 88 83 25 30 60 3 84 87 7 38 68 35 37 10 47 31 10 70 26 52 58 74 71 59 86 65 84 40 65 87 53 4 69 77 33 28 31 68 67 
38
5 34 72 93 95 18 76 56 39 1 8 48 74 78 58 60 94 93 51 58 79 3 61 48 32 45 27 62 12 93 99 69 78 22 61 72 91 88 
80
81 88 87 80 14 64 37 25 10 29 75 67 60 30 28 59 61 72 85 74 36 30 25 4 59 46 16 83 89 4 62 69 43 48 1 56 63 37 32 72 18 59 39 77 88 18 35 100 41 71 73 28 52 97 83 11 95 99 93 83 54 54 3 48 53 55 56 15 92 87 39 61 45 29 89 84 46 23 35 38 
45
8 66 97 56 48 7 50 98 51 84 3 4 39 51 56 93 6 22 36 92 12 96 89 40 84 24 37 58 59 27 3 66 92 51 21 91 9 23 89 59 58 91 62 96 41 
69
41 98 42 76 42 54 24 30 45 59 53 34 17 11 60 71 28 51 73 1 41 81 75 81 39 32 72 100 80 64 20 20 62 13 47 55 18 70 84 63 29 88 96 97 51 55 67 30 57 39 30 97 19 56 30 9 88 1 8 19 16 79 38 29 91 36 83 9 6 
18
23 86 58 70 82 8 24 100 37 80 90 19 28 8 74 57 16 13 
9
75 31 77 5 20 57 47 56 40 
7
13 9 29 98 66 98 31 
73
73 30 62 4 19 32 84 78 57 92 45 70 53 71 52 29 27 24 85 73 31 76 80 95 85 60 92 50 10 74 75 82 3 36 38 73 67 21 2 75 12 46 44 16 68 48 44 94 23 81 18 5 8 97 99 92 9 90 94 18 63 68 51 17 55 88 41 73 60 42 47 24 39 
43
39 6 90 83 51 64 15 68 68 22 17 66 66 25 7 59 42 21 26 92 89 80 32 29 52 91 70 98 14 60 92 53 17 33 87 67 96 1 86 15 74 2 80 
39
78 38 97 19 58 74 63 46 5 94 26 8 36 47 6 50 6 49 54 74 82 40 40 77 92 78 92 65 31 23 56 9 61 52 27 70 78 41 16 
82
34 93 90 70 40 47 71 97 95 24 71 76 15 62 5 6 39 96 22 70 70 77 78 30 81 56 100 58 97 67 39 82 59 80 3 50 26 25 47 73 48 17 48 62 78 52 19 17 99 41 38 69 17 67 50 97 22 49 6 70 67 97 52 78 76 6 27 54 31 73 26 30 89 73 44 19 77 62 87 27 2 24 
95
71 90 97 19 63 97 25 33 64 21 36 41 48 93 19 1 23 44 26 5 84 51 48 2 79 9 88 5 63 63 52 33 52 48 3 67 44 27 51 59 99 38 51 99 30 70 99 5 13 77 9 48 79 56 50 9 64 37 65 78 52 16 10 55 15 13 21 11 91 71 69 42 8 72 40 90 41 90 94 5 18 54 52 48 9 53 56 24 42 73 2 93 40 63 47 
55
27 20 17 70 90 85 11 50 56 2 91 48 43 84 4 13 89 8 12 97 12 20 72 53 92 25 97 31 88 44 37 66 63 53 35 4 90 97 5 97 98 95 97 93 30 100 57 18 59 68 66 23 87 38 75 
78
62 72 9 1 67 97 67 81 50 1 36 39 98 41 35 47 87 31 91 17 83 47 86 93 15 52 15 53 41 42 31 54 65 91 55 31 87 73 63 88 73 98 26 22 90 61 21 77 43 11 93 25 10 30 70 76 81 84 28 21 25 10 75 89 100 81 71 39 53 33 26 77 83 52 99 72 64 71 
48
58 33 92 35 42 22 4 17 54 39 97 27 64 6 53 4 58 33 27 96 37 59 21 13 93 24 63 65 39 33 64 49 66 8 83 59 29 38 28 34 76 24 60 91 29 12 47 86 
96
73 33 32 83 6 97 76 29 59 40 20 44 55 68 61 62 2 71 42 39 98 76 14 21 87 57 2 99 3 39 46 75 24 30 57 29 26 32 9 36 23 80 31 78 47 91 91 48 14 33 38 11 8 52 84 94 8 37 44 10 27 90 36 50 19 92 78 96 24 39 31 98 18 14 75 17 56 66 16 69 50 54 80 57 57 15 2 16 51 98 77 77 39 12 27 9 
3
56 4 78 
94
86 76 12 99 2 28 7 19 43 75 68 48 54 24 4 68 78 19 70 27 95 47 65 6 25 73 61 80 28 38 26 65 65 37 16 67 16 22 85 10 96 53 58 2 28 61 21 57 32 91 83 26 89 47 84 13 71 44 92 50 33 17 67 98 5 82 64 72 55 100 82 2 52 91 3 32 3 76 88 34 66 71 12 6 69 47 18 92 90 61 93 74 30 59 
71
34 92 86 58 98 38 91 100 89 81 54 72 35 29 60 21 46 82 84 51 2 30 20 93 71 81 38 44 10 48 67 95 40 4 4 89 41 94 88 82 26 42 53 13 22 64 33 68 45 16 70 47 45 90 91 15 22 28 10 31 76 76 77 67 32 81 55 72 26 43 5 
4
36 58 16 57 
73
48 76 18 15 46 64 59 87 54 25 8 82 34 90 9 62 18 75 93 50 29 16 76 23 73 31 58 82 46 67 54 93 42 71 59 39 86 17 25 40 93 84 73 78 73 33 39 43 7 83 92 87 51 19 10 23 49 19 56 46 85 9 90 79 80 48 17 65 16 94 56 8 77 
80
86 2 12 76 96 70 11 87 57 13 58 18 87 58 36 42 4 73 50 93 51 81 41 19 98 56 12 5 16 41 85 1 94 48 28 89 18 38 75 74 2 84 91 88 42 78 29 97 2 31 89 4 11 81 23 60 37 86 65 4 78 1 56 71 48 83 59 65 73 86 38 74 69 80 62 62 10 90 58 11 
20
47 67 83 79 89 42 67 26 58 70 4 58 25 26 6 8 85 70 32 70 
60
5 90 91 66 52 52 8 9 63 79 7 29 61 86 69 55 52 46 12 22 1 70 46 27 27 5 63 96 36 32 7 41 21 50 58 24 1 17 33 15 96 91 43 8 76 63 14 80 61 78 1 61 47 98 39 25 55 1 72 90 
32
79 82 5 80 92 28 80 8 12 95 55 3 89 15 30 4 80 9 64 57 61 76 55 11 15 79 65 15 51 54 99 81 
88
55 60 79 34 39 38 46 85 45 100 74 59 29 29 38 90 92 47 50 19 1 60 33 80 24 100 30 30 98 10 17 4 21 47 37 59 84 34 96 28 33 21 38 14 49 28 3 92 74 4 10 26 64 43 5 39 94 86 20 43 47 88 46 67 34 82 78 70 16 73 49 100 93 39 13 41 66 15 32 91 71 93 16 34 87 73 24 80 
58
96 22 5 83 19 23 69 53 100 90 20 72 90 19 16 28 84 56 45 50 39 35 20 84 3 5 70 75 29 50 84 24 23 40 58 94 63 26 46 14 67 65 38 57 35 53 84 18 61 81 68 51 67 87 34 69 92 4 
95
72 5 79 47 79 18 56 72 80 34 69 94 100 85 83 56 20 35 92 89 95 72 8 98 90 95 31 59 38 86 5 61 90 83 59 21 1 14 92 32 47 13 77 47 97 59 54 68 46 45 57 92 68 64 89 10 10 20 20 99 57 24 59 99 7 17 19 59 83 62 42 29 74 19 27 71 29 81 38 74 77 46 66 97 10 54 6 71 25 25 70 34 48 28 32 
6
97 50 64 79 11 58 
59
37 76 86 59 4 66 48 30 42 94 95 38 55 100 95 25 77 19 46 10 19 26 93 24 22 42 40 52 4 97 10 92 24 95 50 79 12 98 60 54 91 54 43 97 6 90 73 34 8 19 95 78 44 87 54 17 80 93 68 
83
41 29 75 16 24 76 46 35 73 6 40 15 11 35 11 16 24 36 1 83 54 95 61 97 33 14 13 12 58 32 95 50 60 21 17 35 96 62 22 21 67 13 87 78 47 50 45 22 85 46 57 38 92 17 86 25 82 50 88 91 81 82 92 92 54 8 27 2 69 48 74 88 12 60 65 11 9 61 32 45 58 88 34 
50
56 19 26 89 68 13 79 100 47 70 92 52 29 70 5 98 69 78 85 80 90 1 90 50 61 74 95 19 13 28 20 21 47 97 9 66 61 40 18 7 61 9 11 90 30 15 39 98 93 75 
29
82 75 19 31 87 44 77 57 56 5 28 28 3 76 37 20 37 28 37 95 88 45 5 77 74 20 67 23 64 
41
52 97 67 22 79 6 65 56 62 72 12 42 100 14 17 88 33 5 15 22 100 2 66 56 31 92 27 97 66 90 38 17 38 4 90 17 9 6 24 23 78 
87
16 29 52 84 16 84 89 30 57 40 83 23 95 13 66 22 10 83 63 47 52 1 2 41 69 63 47 44 37 76 30 4 4 81 87 19 16 27 100 73 66 82 47 61 95 64 82 56 46 44 54 97 96 55 90 64 69 36 59 57 11 88 60 66 68 47 84 84 73 35 8 39 16 54 51 10 17 84 65 62 79 70 11 75 25 100 90 
45
35 49 2 97 36 61 62 56 59 97 91 32 31 98 22 98 51 24 60 19 7 76 32 85 46 42 11 70 41 1 66 27 1 67 75 36 28 88 43 38 84 33 69 66 30 
42
64 32 65 23 50 71 50 82 8 95 23 18 16 16 18 82 94 18 48 69 6 27 56 48 65 92 33 85 57 62 79 72 46 43 46 95 66 96 28 73 90 3 
90
6 18 60 87 11 29 86 31 86 65 87 86 81 78 18 65 86 31 43 10 76 38 55 23 3 2 50 27 92 52 68 49 21 27 87 84 8 72 14 93 88 52 30 68 81 47 33 67 78 27 28 5 64 82 27 18 36 29 44 79 32 12 27 5 90 13 88 97 36 53 42 76 5 71 43 85 18 75 3 47 54 30 51 17 64 30 87 99 58 30 
77
89 41 55 93 31 19 32 79 6 85 20 81 41 43 24 77 60 50 32 58 3 61 60 72 76 89 58 74 46 39 2 87 32 56 31 14 74 63 92 80 99 64 60 91 6 83 67 17 85 98 74 87 11 85 10 86 74 19 12 71 58 13 9 89 69 40 2 94 54 45 25 52 60 85 94 65 19 
60
33 3 10 58 42 20 43 3 57 16 22 68 38 31 33 47 19 53 86 72 46 91 68 71 42 28 7 87 44 77 46 77 80 7 86 73 78 28 75 87 95 48 54 33 78 38 31 48 90 16 71 88 6 39 10 99 18 16 85 13 
92
82 41 23 41 27 47 18 6 22 56 1 69 10 85 99 99 15 46 89 82 17 28 39 7 37 89 76 4 25 88 47 58 29 70 98 55 68 68 12 89 23 12 10 84 48 8 83 14 5 23 95 21 2 85 79 38 73 54 93 97 42 39 55 22 60 52 28 28 71 39 68 94 3 29 29 50 36 11 16 93 85 10 65 86 47 44 75 19 49 67 16 42 
58
22 63 69 25 42 96 96 81 16 41 83 44 69 84 32 32 99 24 68 61 40 54 7 83 28 25 32 47 92 25 4 65 88 24 90 29 72 37 61 87 77 43 82 97 79 65 80 77 40 48 37 80 53 95 62 32 20 45 
78
63 70 33 28 9 57 69 89 28 5 50 66 33 44 47 81 74 12 61 51 51 60 39 30 12 34 44 95 5 40 25 19 61 57 98 69 65 66 10 44 70 59 61 2 54 60 35 28 23 47 30 25 6 20 55 69 5 50 63 61 41 87 80 2 96 77 70 12 43 31 8 64 41 68 18 95 79 52 
74
1 98 3 26 3 74 32 23 79 81 37 39 21 24 18 22 71 47 44 34 41 26 41 4 67 61 21 13 39 24 86 40 21 40 17 75 13 48 97 91 28 86 82 100 61 51 74 31 97 69 16 37 94 57 93 12 69 65 24 59 89 9 50 9 100 66 36 65 13 84 55 92 69 88 
44
29 39 17 11 35 37 27 24 82 35 16 94 3 80 17 61 68 78 63 29 77 28 64 41 41 99 48 32 68 35 75 96 25 43 59 60 31 85 35 13 19 50 58 73 
81
74 85 1 3 47 81 32 75 96 24 67 94 23 98 61 58 25 9 82 19 67 93 50 3 27 14 73 28 71 45 61 96 29 61 51 28 41 82 54 88 5 20 81 28 69 94 37 45 54 70 64 72 15 65 74 93 30 46 21 52 42 81 99 22 93 49 49 85 30 2 72 87 73 4 66 42 97 54 86 50 75 
1
73 
89
65 46 82 94 43 54 97 84 86 96 58 78 44 6 62 26 60 85 64 32 88 29 25 37 34 11 38 8 11 11 97 28 8 30 73 3 35 70 38 20 65 95 49 8 53 62 33 12 46 96 95 85 76 20 21 9 30 59 69 92 21 65 19 28 46 92 30 80 13 68 51 77 62 99 84 66 60 69 77 5 16 24 41 44 43 62 4 24 20 
72
67 40 88 86 19 33 29 49 64 41 68 14 69 81 64 4 47 23 72 75 79 40 98 20 83 40 33 38 15 52 10 82 43 97 19 13 82 99 13 45 91 80 11 59 13 26 14 11 49 86 85 79 77 83 50 11 74 82 48 41 85 57 74 79 54 92 92 87 42 4 83 32 
