1000
846930886 4289365
714636914 81692761
424238335 57747775
649760491 19885379
189641420 96516645
350490026 25202353
102520058 83368683
967513925 44897743
540383425 65180527
303455735 4089169
521595368 35005211
726956428 94702565
861021530 36465779
233665123 78722861
468703135 45174047
801979801 1513919
635723058 15634009
125898166 69133057
89018454 59961383
656478041 28175005
653377372 31176219
914544918 59484413
756898537 8413779
973594323 34575181
38664368 49798315
184803526 29566403
424268979 12776087
749241873 11759937
42999170 37806861
135497281 82906987
84420923 11702301
827336326 37477065
159126504 72660331
632621728 5750839
433925856 661303
84353895 41616113
1100543 39819573
548233366 98898795
585990363 10515429
760313750 74344031
356426808 77171073
889947177 45117267
709393584 80695771
918502650 91705399
474612398 52392747
264095059 53999913
843993367 11549663
984210011 43947731
749698585 55636219
956297538 69348081
463480570 36140785
975960377 40651415
892066600 17097465
927612902 76710085
603570492 30573305
660260756 87926637
485560280 59997293
593209441 2724283
894429689 94953855
947346618 64228441
270744729 21558439
633108116 63958021
7905769 14738077
822890675 69834467
791698927 10120693
498777856 31704561
524872353 55179485
572276964 27254583
703964682 69455305
600028623 52406217
40332869 60051527
120048828 12805731
515530019 78409501
573363367 13258253
77486713 9959695
631518148 73226327
289700723 747795
168002245 17142607
439493451 50122845
760243554 90892913
622597487 31192367
338888228 11537763
438792350 47469821
269441500 11165175
116087764 42757013
155324914 69470107
982275855 8936987
387346491 75373731
841148365 50322225
760281935 60709841
186452550 71151425
971899228 44316425
213975407 76153261
626276120 39901463
130794393 53468853
884661236 39036017
350573792 5908219
605894427 76065819
987231010 89366127
784639528 75335911
597322403 3318755
112255761 39964425
67854537 32114599
782436839 52118603
165344818 9002885
532670688 95235115
492067917 51797357
680466996 4569903
496987743 6043317
359512182 59259469
398295498 80298487
86206723 96689763
172755589 1385639
243268139 44617491
272469785 12502945
968338082 27907649
820388463 22308535
6939507 33110189
285228803 40759349
502278611 89376331
37127827 50573609
654887343 34949289
392035568 29195731
87755422 35354327
494613809 89023303
369321800 47267591
396473730 45425655
346811304 8044865
705178736 69229305
434248626 90079429
470503464 77648503
552473416 2586695
188213258 43408271
884167636 59412919
201305624 73442049
776532036 38962599
273911898 38433441
620145550 31419365
619290071 65947453
407487131 7900967
7684930 13903861
711845894 76808917
937370163 4158657
973387980 58657179
501252995 42548883
472713772 60152957
662739667 24272805
967681094 25187171
437116466 50952909
176911339 4365067
943327683 38422085
876855541 53443357
237379106 69755927
588219756 49517443
57418417 56669161
823089411 95706879
625032172 65103339
469262008 87451657
298625210 62402321
57467586 95166331
555319300 99878189
476667372 82697711
260401255 70575311
774044599 96864817
1229902 97517715
335939810 50955921
756915666 97073923
719346228 65311695
414829149 46811119
555996658 7565971
155789224 24763917
389867268 31602421
619054081 80821389
195740084 11645623
6811970 17679283
570073850 53207661
635905384 14647611
337739299 46741213
343606041 96306623
446340713 11783887
915256190 97352287
846942590 82280507
700108581 24688205
371499335 66288805
726371155 14937711
292218004 27495975
11614769 82160371
662981775 82085257
246247255 30668845
548348141 58721843
964445884 5575579
520223204 18421973
17679566 52867617
201690613 57962487
822262754 13801959
411154258 48031321
282828202 37518927
114723506 10613201
676902020 82936775
950390868 86222829
266235188 55789527
137949907 42608861
777210498 77849947
908518807 53448031
364686248 23457743
129033332 9383291
280321647 29132121
781999753 1772885
212251746 50517567
364319529 83690349
484238046 34514491
624549797 75473771
886086989 67066243
750003032 39273297
78012497 15505349
671294891 52910249
795519124 44247673
474613996 61761147
315209187 25245971
448703728 35649155
545032459 79895421
861543921 30253411
932026304 77870455
828388027 96060025
332266748 44278039
31308902 92707545
820697697 16504787
583571042 55858693
395132001 59301035
974806402 86090417
739000680 73144487
669908538 98617633
12895151 87036147
812282133 44522525
380171691 28104327
860516127 13502205
543755628 77720497
455590963 22060033
70636429 28298283
472576334 36495343
329202899 2903173
219407970 3885223
12260289 2416949
561717988 55495361
841585794 7392279
733053144 89040741
887658389 33102815
672655340 2961669
400000569 553523
81174231 37453823
450956041 80172245
410409117 41690341
516266760 47228015
175526308 66000063
2495423 86903175
989806366 618991
4504232 84214667
186631625 61730681
717226056 16764505
276673167 48349597
137390356 11328191
696947386 9726293
265204345 77565083
630634993 69602713
707056551 65204901
297893528 64325573
358532290 10528937
857756969 8302631
426819079 74799033
314218592 85799623
386418626 81830845
318561886 56541301
70788355 43439203
112720089 5193497
106059478 88014395
51858968 41909609
104152274 95966179
826047641 48806339
970925433 69356607
887077888 9198985
873524566 30498333
541027283 37487771
745790416 32056845
959372260 51300595
137100235 25125839
159473059 26107205
282648517 76035205
471990783 78034941
983228457 53436861
993967637 84710859
826620482 41804281
37770476 45826587
647149313 30772739
152645728 16334465
25533458 70591097
1089437 39723599
77211386 99058007
983631233 94633071
645933680 75518141
553160358 43003475
69110697 35550255
864101839 12633411
190668362 4275557
410228794 36092609
773319847 26413163
968217461 4196417
302539389 52456679
235745791 58504275
427355115 2205049
272796156 88391509
280631490 52888561
204462950 26401947
521035021 10359219
738393740 40610537
983614029 19485055
655035324 91554087
4187514 5241063
962033002 71653513
707746138 47372221
73785402 72261783
628974580 33582335
786039021 94519201
605539861 31513951
586235379 21784803
262692685 32894957
338299903 59031519
985433482 43324161
606199759 95279205
435889744 58984855
378469911 44593487
488663950 72020125
29777560 33505217
257675105 45367815
392740048 91810555
216588711 65421225
151519934 19041793
66077374 45563283
629593614 37558947
959343767 24133585
409544918 15828981
927376882 74552805
617876981 47844805
143124028 65326711
124311573 76593093
421186592 31530123
703550253 2781471
388803073 9850525
107734713 33327807
725138376 46478163
464415774 474747
672032919 41727069
639806732 15935695
406011017 38110277
114760235 69400335
337745691 17871135
292423943 24305149
124666328 65122561
30449289 10300907
986894017 20306709
551836836 7277207
362575055 60596951
22963857 55387079
988714903 51378113
250372660 30698561
483689685 66369619
360613072 67304785
35756851 55722593
746349250 419785
122336502 41767865
659639006 61109477
385414638 60082181
577721120 52062941
714880226 10080953
630387676 60686759
467963980 54290591
814887559 34740865
290127954 30539019
434433517 90367765
821066341 31359201
550245196 37322527
104627320 57272379
312994983 10858251
763794426 40384161
582152039 59344215
772970072 38647277
51245830 94307399
46370346 10901063
520982029 28966945
89653713 61250557
168057522 3886049
38626923 10134043
93189435 82945063
525829204 81271231
312630442 27622939
64945484 99411897
356684278 62875623
626250261 22089149
14989683 69679247
581539847 42561029
981208323 97141709
691449121 7026271
217927335 32454135
513937457 90335817
204102747 38909349
595311776 3591155
13725216 72160267
207621703 33938685
815209932 6914633
487053958 33450901
932862806 80356719
695748720 4515783
279121308 89547073
811742698 74515333
417076375 94110989
891252714 45798897
452825171 50801041
135771558 35218175
25554008 70752501
262178224 49709001
105816538 82173109
454333378 57489993
343945053 72058101
931489114 61955075
395405988 11671339
992028067 71059425
675575222 80785147
470332230 87776771
862292121 54696513
101323875 34591281
380390179 31884839
235202254 92576571
280311130 33215343
503967856 70973801
873199181 58381483
240554602 66146065
476152433 79015701
803590181 94887967
209359415 20097479
831768825 35079279
6138720 4765389
785550550 23796875
364090031 34230283
341443180 8399123
242990414 78898497
63299708 42767043
287859998 23380579
309112297 98501961
669475775 20687479
579068976 13080137
431742586 95191307
226723382 72139927
219544266 7895003
580508860 30313553
617909211 28903679
33669084 12277671
88590929 76564281
10794581 71735975
632651476 5197311
384095819 4754105
500037525 75641875
351538838 47395515
745897489 87897509
61101360 60651121
326247642 67889607
663080927 40170321
164826621 10506577
370917955 89804293
772634225 84370885
813274570 51426807
216220853 90543425
867107721 99460003
223712350 4811771
610009096 30418641
787689126 56363819
584522071 46621261
146533149 87726639
928140528 36060891
449228397 92430621
12836609 89241879
481928577 27992387
238498975 28433885
270754552 46755193
31126086 9416915
413360099 43388767
286448566 44400639
396377017 29580947
934392734 6072641
736491297 20089363
476453194 96918171
96055805 76696773
664423427 60975247
849552527 42588953
135019591 45080305
434322196 51297267
779289671 372545
528806444 16250755
415522325 70304993
332238283 99560981
695466127 46648399
143565420 45598375
375179333 81914685
987987334 39942425
12548159 62088411
411522957 76994981
953691761 89001341
402492971 7578757
750167716 70631537
915711850 4561841
108375482 37703655
738076216 2550397
118801171 87665137
610486506 19399005
771476364 86839849
833488262 42724781
688323171 66942477
301373537 29570029
222028828 16018851
78107278 89360859
866355855 34576985
723578340 42146587
849725352 72563965
143195510 78587657
83149515 99893055
190113083 58907341
113974112 44041351
931706505 28189281
900104667 85291639
472131489 94709361
337434153 71581017
991039875 58136103
987706141 78273671
794292537 92413401
434290636 9734957
444311955 24916153
67062758 53162843
825726814 20406639
998994313 69304459
221713886 68922307
880346038 34660165
978701534 11826965
192532621 94320133
79611788 62924377
10150109 92637279
616734673 4259627
562395735 47584251
78374295 7774533
752704313 50101863
612353198 72666815
450099354 86994939
340157792 56665135
929588156 69678455
138982931 18400961
987323285 81098817
568275358 13213169
625040140 20185661
567022180 99493243
14933990 17572753
910210049 99150309
903409953 25084101
372668363 79461073
987235623 18322039
868423918 51042645
176225843 92456285
779451237 33293467
242474976 78841547
848520018 72125375
990526343 72063123
953161955 40019287
53232473 30365973
403068011 73953663
773446912 30788963
348361728 70090173
321756867 88380895
813465002 11088121
490549206 77683165
396005215 38649719
489692376 30301171
922757471 16945477
450238956 18434569
997276125 54725047
379366797 92713917
717293418 98312491
390848153 69893129
52775474 22971721
896925393 96596979
827385948 55843481
278450030 70372289
311269559 28264029
139352159 206883
530406424 24734551
163384279 82417715
812718901 26411623
895873480 5593005
24027582 87992711
995234140 98628789
891342722 21303689
572132557 74600925
597010431 61152489
984124220 62980701
259577689 49785899
105629390 81049595
403938269 86963619
115227665 84079409
836802671 15207813
692458743 7096169
589513898 67209083
146137087 55843007
213952386 54749143
695258232 42010549
93155710 37979957
111800029 90492357
917609663 84498415
298167279 83932571
499429649 14620079
16922351 82291487
15857463 59007323
698487329 22551731
359147515 72312085
987519914 66231333
625843881 95950175
415675634 32495007
240854387 67874133
322623286 61812707
456339642 54806769
692786741 17881499
560890243 49495339
386510138 57103119
193552063 31016257
845636352 84677403
819485269 92981707
304505404 62558687
837626799 35342715
107654817 2992715
521740434 96774305
245240853 47691069
332702450 100669
67974802 60916481
75245562 73556833
28363609 90598077
260995959 31585191
933596911 73666699
230769828 74402551
5418815 72623403
857300820 24321879
117303603 3571515
418646579 29302439
217161528 74325359
129834447 56273367
305564045 77332699
125023785 51574867
651675550 50804895
211721385 10242587
883799426 19650337
962764794 86966937
671068506 12163017
338346092 76277107
750679664 4665401
777288819 69115907
845954166 56098463
312186354 87105981
16408435 15774115
90099483 30832927
987106311 86086317
263419017 19933919
724025165 45186709
695991608 40959155
551201745 28217067
947867421 7712977
47196294 35001157
199680558 63148563
839425676 18264785
175446570 38026637
959658925 90105325
198720171 5251735
144874089 5613073
473903566 10906513
94255812 13798879
99885196 64003035
636453333 81362105
79065186 63304211
604263370 60478487
588695567 75056787
535286141 55465105
442982639 89079329
4744263 82482423
153263589 42663183
33206201 44169931
286791631 81226513
986478257 92865109
650994570 85511791
848934683 31352335
145151224 24898117
541417539 43190487
877068972 45036409
608340633 30387227
390865724 56134149
731190951 65120357
220585471 32077637
73673339 18993445
701475882 63568095
158747660 78417603
922587542 7255819
888482339 44470217
37335342 9379163
547407330 74960579
858829294 40846253
518260756 96342001
192048860 3980499
101533291 12194641
942581876 69117823
25251988 62390275
627510635 85963953
18041597 8959279
727952740 48096089
364180569 91714927
170132539 81944965
989200800 75444581
419914800 92720063
154615608 30199485
457676440 9766493
850612762 2022923
950881304 16505723
173002605 21389861
133584521 42930153
64564349 27052251
689442530 28682743
114646703 89816319
551291985 16953153
17565624 32688281
76919590 31761069
266222407 34262545
609707131 99568485
44804919 7939561
838139053 29621921
339388426 99420517
753959819 95815483
464837581 42517533
116423768 4841107
700287639 37840171
764892437 2524643
31207393 64851981
707184680 6851317
623804485 45854077
131058750 10993017
242754097 93886459
728149010 60494685
160063178 8976491
616916065 37856129
219994425 4868087
256804978 7571469
603386965 59382839
454416748 10764787
568122272 68224527
558581085 70840511
673365159 68409901
33261898 75989867
482841196 4572537
702943002 92962927
703955951 59162027
453048497 86518091
599529154 46710031
308202905 33713861
371570002 59592317
816976784 77635319
85206796 91564413
3463632 73781753
84546558 41110111
461851014 57880367
28720895 5185181
773595096 20432081
48938328 54602403
111691313 59373333
104852634 84295877
343457913 14634299
353668774 8808577
608034986 49022759
682736626 53197911
565306615 16237873
546389569 54306609
498387408 34799751
308581514 31596351
25222833 54367393
812247775 45644417
750829612 87073843
360022300 93485011
100603786 76941049
888830763 8960615
793256507 12295099
26929414 93683389
802491981 89230767
638253539 33114533
38828825 63043319
31797565 73506517
80329499 56651791
691451546 78187129
62299853 78716893
933084302 33043
98193841 87522687
574596534 97848417
143849809 1539801
78480867 34618825
196095815 44453585
456748695 19827977
813511381 89352305
831099451 36194453
421825361 68519703
731563036 21869341
495375861 60654173
917305980 63360585
194064088 75705355
6938620 61273875
313823293 56363939
343886628 40022905
390387707 12017121
113556940 18483153
853101995 86753867
631207465 44554143
716898500 49197791
891066486 40472507
129183332 82926231
851445949 74682285
896551633 51008689
11662878 35525325
51402292 91927481
967632853 81485197
95275444 45466371
501830322 74571457
767110750 9098735
821115872 45716933
616716465 10014801
396768680 87189151
684259682 22334811
224048977 80492491
820965013 53674533
636600769 15115443
542314107 50148327
353673391 40563069
776088410 38865727
683309587 17852621
999337835 80007051
925473438 3458789
330546620 94613261
356228371 79820103
978053418 97657351
960188534 29860597
817049763 94769869
917104696 9473565
89966066 53825787
607500334 41153653
108785488 63447427
566112132 96617457
437180529 3615945
942481689 19785515
137638146 65785293
745792349 78307625
981766422 89492327
936621968 23782135
803602254 12313031
262486765 92850327
322710935 34172019
81458260 75191653
284665220 92277043
198619204 98562939
992232982 74631275
138078719 6119523
902736996 53534807
309667127 56707201
476492727 92433877
258219170 4665169
582972798 66647223
456139562 4011511
527793659 64739207
729568616 45277881
538128222 83912257
818084291 92055363
67247033 13355505
705632562 99542535
750621861 4428607
579059894 4251749
562887659 95371183
401422375 69654953
126362171 18140997
510574886 11089487
815754672 55371241
922018480 68794041
625321929 51243821
815983043 30674385
475952279 5631943
189544208 98068009
242639747 66596847
579952365 60144847
612203759 62403133
366831742 38101271
894869401 15341971
810713170 45891619
368062957 10273411
628414421 64651889
628257755 46941471
654829090 91505653
612816071 96528779
547772603 29363919
660038319 38137989
243769941 16271999
614340012 88506943
855103806 85830503
145975357 56979751
19382893 87572513
278190158 58179101
973521089 86214623
184622625 73059549
483332972 36750599
553918865 5201933
752143420 64263739
955769408 82176609
478705399 59488861
688852786 21101829
659239832 26477985
95266356 1407457
189914409 55526121
41356630 9606361
566586127 97534561
37623446 39848341
798027457 38485371
824700009 15813603
488873164 24064885
113331866 61838981
267040925 24722483
788986237 67250717
701943705 71700691
131189561 97271985
18373830 33165457
59643459 20042331
21449805 30130003
138172497 7426169
717032538 63880559
961415138 79529117
219377469 36135017
574620392 99038567
167368542 69921273
346502533 51836753
113675742 56241691
333480550 59834387
979601485 33233019
104933719 22466767
572255139 81545175
714710646 88639635
908681982 43145311
825791694 26870445
634296629 82648125
699045063 63964183
143493318 3845519
339980538 12976549
364531492 15387131
85308420 14600921
166437684 31900029
40658094 84327307
744161707 32629779
365862802 74138641
349121784 76279541
110341087 70796509
559436156 21376907
217038601 25051717
304438547 20634479
955798986 42830277
859310840 91251523
995097051 54844033
20336956 55320505
70707652 35077577
102194872 84868445
916768482 8532409
145376088 68632545
401262336 57426567
331565219 89537779
318333694 67125123
90438013 80686989
454580281 28674779
106242869 2390519
823025014 24135231
419481884 10681403
54449299 31340347
138700754 78792713
134113234 49546341
237140292 59037709
543906158 57337223
918386022 39335161
607967720 60674627
270617569 63762091
805816259 61746403
481387902 2182775
135386146 24149935
405341089 71825901
74216437 42482777
966618017 11583953
922265374 49757789
233614511 86099889
517408978 76714655
878777377 72315263
531352976 4038561
413892161 15917659
455252832 75259125
