10
10 5289383
29228 692778 10
17644 238336 10
160655 516650 10
18001 490028 10
171762 897764 10
86479 383427 10
107862 5212 10
107822 956430 10
31076 722863 10
44076 703136 10
10 2979802
46799 723059 10
5909 961394 7
61043 478043 11
50402 484422 13
11015 898538 12
15994 798316 12
52114 803527 9
43720 759957 12
85072 999171 6
51311 702306 5
10 3477084
41918 660337 7
63426 621730 14
30130 616125 9
101754 100546 10
14669 515435 7
96250 313751 7
63019 117277 4
47886 393585 12
10960 392755 15
111022 95061 4
10 8993368
42209 210013 11
157890 348095 10
271676 480571 7
115311 97468 14
284941 612903 9
124830 926653 4
233870 560281 5
136209 953866 5
190587 346620 8
176951 958032 13
10 9738097
163018 834482 15
282212 698928 13
291774 179498 8
217557 276966 10
99358 406220 15
189556 332872 8
304966 409504 9
255792 363369 10
175199 226341 15
233319 700724 4
10 7002245
119213 493452 6
169297 192380 15
159430 888229 12
111874 165194 6
229099 87765 6
21351 936988 14
7000 346492 7
90615 709860 5
163970 452552 8
130269 153276 8
10 6901474
171347 468859 5
158876 661238 9
158416 65819 5
167883 231012 7
102731 318777 13
116984 255764 11
61885 118607 6
37913 344819 8
68776 797370 4
69766 466997 9
10 2987743
75321 512184 10
25404 689773 15
98071 755591 8
89301 502955 15
75416 338083 13
32135 110198 12
90202 228805 7
12701 573623 15
81970 887344 15
37030 354341 12
10 8023311
178632 267606 14
8173 473731 5
238356 229321 9
130468 248627 8
229609 586709 9
193483 213259 10
24095 442063 13
94786 532037 4
78354 419380 15
61654 290072 12
10 3487131
61976 684931 13
93969 158661 6
3674 387982 11
38150 152960 8
88374 739669 5
40837 952927 11
9238 911341 12
25969 443377 12
26812 379108 4
27258 669180 4
