11
6 1000
23 789 4
38 898 8
89 100 15
100 100 9
400 2000 6
50 50 1
10 5289383
29227 692777 6
17643 238335 3
160654 516649 4
18000 490027 4
171761 897763 13
86478 383426 12
107861 5211 4
107821 956429 7
31075 722862 14
44075 703135 3
10 2979802
46798 723058 12
5908 961393 11
61042 478042 11
50401 484421 13
11014 898537 8
15993 798315 4
52113 803526 5
43719 759956 10
85071 999170 6
51310 702305 5
10 48477084
1471785 660336 7
1138848 621729 14
1195893 616124 9
377945 100545 4
1157455 515434 11
761952 313750 11
1593932 117276 12
231152 393584 6
676662 392754 11
190474 95060 14
10 44993368
25407 210012 9
719423 348094 8
531662 480570 13
78171 97467 2
858854 612902 9
1011786 926652 2
1425911 560280 13
1318523 953865 15
1386165 346619 8
444895 958031 5
10 45738097
1511434 834481 13
1236976 698927 3
725109 179497 12
1358827 276965 10
1497777 406219 3
710984 332871 2
413698 409503 13
1260559 363368 12
1022825 226340 5
647609 700723 6
10 79002245
1428866 493451 8
1418419 192379 9
480307 888228 4
1081158 165193 12
1747282 87764 14
240657 936987 12
1143774 346491 9
741084 709859 3
1976092 452551 4
1865697 153275 8
10 60901474
2004809 468858 3
748997 661237 9
748536 65818 11
1609723 231011 7
462802 318776 3
1046023 255763 13
543136 118606 4
1846756 344818 6
161870 797369 6
1204237 466996 13
10 47987743
14035 512183 8
757792 689772 15
300324 755590 8
826282 502954 11
83079 338082 13
231316 110197 8
460995 228804 9
979507 573622 11
1385857 887343 15
1325589 354340 10
10 80023311
297517 267605 6
922396 473730 3
2166408 229320 9
1902968 248626 4
2411118 586708 13
2642435 213258 4
1375300 442062 11
1269459 532036 4
1999412 419379 3
2257149 290071 12
10 48487131
1042407 684930 7
537155 158660 6
1415785 387981 13
603328 152959 14
1240493 739668 9
24409 952926 11
269646 911340 4
1144818 443376 6
336917 379107 6
1306288 669179 14
