100
146175947 211
1495586 2
23575252 31
187994298 929
443610327 853
63730620 353
249287592 547
188990523 269
9666970 449
140820203 809
453648326 463
106055993 797
55368 3
48815433 277
352562593 647
214548854 373
393971410 593
769106181 991
117792151 487
1998340 2
261959765 373
216258261 643
347641698 463
345344661 373
374548974 457
38972289 167
279018873 811
8109352 19
363897124 523
430771907 857
718951108 719
344698696 347
546518134 859
167514457 563
590850638 907
60673511 911
176008319 307
101434084 389
526555922 727
1907730 2
134834791 389
702236723 733
663930143 733
89686787 743
134569088 173
35387454 139
566268921 587
45499224 883
31397047 643
9555990 37
117298315 241
1036298 2
5276866 37
245692 2
24599055 101
168320132 313
412814350 521
294486226 389
940248 2
77515536 281
276148539 857
1973552 7
159167811 503
578416351 593
1406574 3
262511089 397
44295514 673
217381351 941
86388296 271
86192131 337
593030 5
158961098 461
661018901 829
117215996 251
80695170 311
154545977 523
43577772 113
211025393 787
823255783 907
218705232 563
410811055 541
179146873 643
872405781 919
20878416 587
15222083 653
25422279 79
28318018 631
118144496 661
123867702 191
164275352 347
2064620 5
122555224 401
190285428 439
55745650 383
323449307 359
95205270 139
148664420 937
341811261 881
105694669 691
559928676 757
